Bowser
assets/BowserHeadSSBM.png
5
7
3
15
6
8
3
19
-1
-1
-1
-1
14
12
5
31
13
7
4
44
13
14
18
28
11
10
8
42
24
29
5
36
20
16
15
29
10
14
22
34
13
8
16
26
14
8
4
34
13
9
9
32
17
22
4
22
3
14
29
37
2
23
40
30
2
23
40
30
12
16
3
41
12
16
3
41
13
5
42
33
10
5
42
3
21
42
6
59
21
32
-1
-1
9
40
10
50
10
-1
-1
-1
10
-1
-1
-1
7
-1
-1
-1
7
11
18
15
4
21
18
4
16
20
4
16
20
2
28
20
10
117
1.9
1.0
1.5
13
8
8
0
Captain Falcon
assets/CaptainFalconHeadSSBM.png
2
3
3
16
3
5
3
12
8
5
7
20
11
9
3
18
13
17
5
18
12
10
6
20
10
7
10
23
20
18
4
43
27
21
8
26
18
19
14
17
7
7
23
15
18
14
17
9
14
10
8
18
13
6
9
19
16
16
5
24
27
52
5
43
27
52
5
43
7
15
20
45
7
15
20
45
10
13
21
31
10
13
21
31
15
14
19
32
13
15
15
28
6
29
10
39
9
11
7
22
9
12
8
30
7
-1
-1
-1
7
11
18
15
3
18
12
4
16
12
4
16
12
4
26
20
10
104
2.9
2.0
2.3
20
10
4
1
Donkey Kong
assets/DonkeyKongHeadSSBM.png
4
5
3
17
6
4
7
23
-1
-1
-1
-1
10
8
4
22
11
6
6
28
7
6
4
13
11
9
12
34
21
22
2
31
18
14
3
37
16
10
4
42
12
10
17
17
16
25
5
30
13
7
9
24
14
6
3
36
16
18
6
31
30
17
5
25
27
17
5
25
5
20
2
38
10
20
2
38
12
3
56
26
10
2
65
18
11
19
13
29
-1
-1
-1
-1
7
29
9
49
8
-1
-1
-1
11
-1
-1
-1
7
-1
-1
-1
9
-1
-1
-1
2
22
14
4
16
12
4
16
12
4
26
20
10
114
2.4
1.6
1.6
17
7
5
-1
Dr. Mario
assets/DrMarioHeadSSBM.png
4
2
2
12
3
2
2
14
6
4
5
13
8
4
5
21
10
4
10
17
9
5
4
26
9
6
20
18
19
12
5
25
16
9
3
28
18
5
11
22
14
3
29
14
17
18
5
52
8
6
11
12
10
4
6
24
3
10
23
6
8
14
76
-1
8
14
76
-1
12
12
3
21
12
12
3
21
5
3
19
16
5
3
19
16
4
8
32
40
4
8
32
40
6
29
10
39
9
-1
-1
-1
12
-1
-1
-1
6
-1
-1
-1
8
-1
-1
-1
2
14
7
4
16
12
4
16
12
4
26
19
10
100
1.7
1.5
1.5
7
14
4
0
Falco
assets/FalcoHeadSSBM.png
4
2
2
14
4
2
2
16
-1
-1
-1
-1
9
5
5
17
9
5
7
12
13
7
3
20
9
4
14
22
17
12
10
18
14
7
9
28
16
6
5
39
12
4
28
18
9
6
40
14
15
4
16
20
10
8
7
25
12
5
20
25
3
23
100
34
3
13
110
29
7
18
4
38
7
18
4
38
16
43
22
20
16
43
22
20
8
1
1
19
8
1
1
19
6
29
11
39
7
10
1
23
7
15
7
17
7
23
9
12
7
18
7
14
2
14
7
4
16
12
4
16
12
4
26
20
10
80
3.1
1.9
1.5
14
14
5
1
Fox
assets/FoxHeadSSBM.png
4
2
2
14
4
2
2
16
-1
-1
-1
-1
9
5
4
18
9
5
7
12
10
7
3
20
7
4
14
22
15
12
11
17
18
7
11
24
15
6
5
39
12
4
28
18
7
6
40
14
15
4
16
20
13
8
7
25
3
5
23
22
3
10
35
8
3
10
35
8
7
22
4
38
7
22
4
38
14
20
53
20
14
20
53
20
5
1
1
19
5
1
1
19
6
29
11
39
7
10
1
23
2
15
7
17
1
23
9
12
2
18
7
14
2
14
7
4
16
12
4
16
12
4
26
20
10
75
2.8
1.9
2.2
12
15
3
1
Ganondorf
assets/GanondorfHeadSSBM.png
8
3
3
16
-1
-1
-1
-1
-1
-1
-1
-1
13
9
3
18
27
81
3
31
12
10
3
23
14
7
10
23
22
20
5
42
22
21
9
25
14
19
14
17
12
7
15
65
17
14
6
25
16
10
6
20
13
6
11
17
22
16
5
24
34
70
3
47
34
70
3
47
17
15
20
45
16
15
20
45
13
13
21
31
13
13
21
31
15
14
21
43
14
15
15
29
6
29
10
39
5
11
7
22
5
12
8
30
7
-1
-1
-1
4
11
18
15
2
19
12
4
16
12
4
16
12
4
26
20
10
109
2.0
1.3
1.35
16
4
6
0
Ice Climbers
assets/IceClimbersHeadSSBM.png
2
4
4
22
4
5
3
22
-1
-1
-1
-1
8
6
4
22
7
8
19
23
5
8
4
23
9
11
2
29
14
13
2
33
11
14
5
31
12
6
6
28
8
6
18
26
11
19
4
37
12
8
4
28
9
6
18
16
9
3
50
13
5
15
61
39
5
15
61
39
4
12
44
34
4
12
44
34
16
17
43
30
16
17
43
30
2
16
51
13
2
16
51
13
7
30
7
40
11
24
4
22
7
-1
-1
-1
6
-1
-1
-1
11
25
6
29
2
17
9
4
16
12
4
16
12
4
26
19
10
88
1.6
1.4
1.4
2
13
3
0
Kirby
assets/KirbyHeadSSBM.png
3
3
2
13
4
2
2
16
1
2
2
16
11
5
4
24
8
4
4
16
10
4
4
22
8
9
35
20
15
13
9
28
15
13
11
26
14
7
16
33
12
10
25
45
8
10
17
23
14
6
15
23
15
11
3
26
3
18
20
22
19
17
44
19
19
17
44
19
23
22
7
31
4
7
40
23
6
2
25
8
6
2
25
8
18
30
18
31
18
30
18
31
6
29
10
39
8
-1
-1
-1
8
-1
-1
-1
7
10
47
31
10
-1
-1
-1
2
14
7
4
16
12
4
16
12
4
26
20
10
70
1.6
1.4
1.4
20
12
3
0
Link
assets/LinkHeadSSBM.png
5
6
3
16
3
6
2
14
6
6
5
39
15
16
4
20
9
9
7
14
11
14
3
23
12
7
6
41
14
15
4
31
10
11
33
17
17
9
15
26
11
4
36
2
13
14
20
22
7
6
18
16
16
5
45
20
22
13
52
25
18
18
61
24
18
18
61
24
16
27
142
18
16
27
142
18
15
8
34
38
6
8
43
29
4
39
278
0
4
39
278
0
10
84
11
94
6
12
4
24
6
11
5
24
6
22
2
26
6
26
1
23
2
14
7
4
16
18
4
16
18
4
26
20
10
104
2.13
1.3
1.3
24
9
6
0
Luigi
assets/LuigiHeadSSBM.png
3
2
2
12
2
2
2
14
5
4
2
24
10
4
5
24
9
4
9
17
9
5
4
26
2
4
34
26
13
12
2
28
17
9
3
28
17
5
11
22
15
3
29
14
12
7
4
24
11
6
12
11
13
5
3
26
16
10
5
18
6
17
51
29
6
17
51
29
25
23
40
30
25
23
40
30
25
5
19
16
25
5
19
16
12
6
38
36
12
6
38
36
6
29
10
39
8
-1
-1
-1
10
-1
-1
-1
7
-1
-1
-1
7
-1
-1
-1
2
14
7
4
16
12
4
16
12
4
26
19
10
100
1.6
1.34
1.34
1
13
4
0
Mario
assets/MarioHeadSSBM.png
3
2
2
12
2
2
2
14
5
4
5
13
9
5
3
25
8
4
9
18
9
5
4
26
9
6
20
23
18
12
5
25
15
9
3
28
16
5
10
23
12
3
30
13
15
18
5
52
11
6
12
11
11
4
6
24
2
10
23
6
6
14
76
29
6
14
76
29
10
12
3
21
10
12
3
21
5
3
22
13
5
3
22
13
3
8
32
40
3
8
32
40
6
29
10
39
9
-1
-1
-1
12
-1
-1
-1
6
-1
-1
-1
8
-1
-1
-1
2
14
7
4
16
12
4
16
12
4
26
19
10
100
1.7
1.5
1.5
7
13
4
1
Marth
assets/MarthHeadSSBM.png
6
4
4
20
6
4
5
19
-1
-1
-1
-1
13
7
4
25
13
6
7
27
10
7
3
40
12
12
4
34
20
10
4
36
18
13
4
38
16
5
18
42
10
6
16
28
13
4
4
26
10
7
5
28
13
5
4
37
13
6
4
50
7
16
5
9
7
16
5
9
-1
-1
-1
-1
-1
-1
-1
-1
13
5
7
28
13
5
7
28
7
5
25
30
7
5
25
30
6
29
9
39
4
-1
-1
-1
4
-1
-1
-1
4
-1
-1
-1
4
-1
-1
-1
2
17
9
4
20
12
4
16
16
4
26
20
10
87
2.2
1.5
1.8
4
4
4
0
Mewtwo
assets/MewtwoHeadSSBM.png
6
8
1
21
2
6
44
1
-1
-1
-1
-1
10
6
3
23
10
6
6
20
9
5
3
22
9
10
20
20
20
18
2
40
10
9
30
41
15
20
2
38
4
5
38
12
14
5
3
32
13
12
4
16
14
9
3
26
16
18
4
36
25
17
1
9
25
17
1
9
10
12
4
40
10
12
4
40
0
7
11
15
0
7
11
15
1
15
7
20
1
15
7
20
6
29
8
39
13
32
36
7
11
1
50
0
11
15
10
25
12
42
1
27
2
20
16
4
17
17
4
19
15
4
26
10
10
85
1.5
1.4
1.4
3
1
5
0
Mr. Game & Watch
assets/MrGame&WatchHeadSSBM.png
3
4
3
11
-1
-1
-1
-1
-1
-1
-1
-1
10
13
18
14
9
9
21
-1
12
6
8
16
9
6
24
8
18
13
21
11
18
24
5
16
16
15
5
15
16
20
10
15
16
10
23
12
5
10
15
15
9
7
16
17
14
12
27
11
5
18
4
28
5
18
4
28
-1
16
14
18
-1
16
14
18
6
1
37
2
6
1
37
2
200
2
36
12
200
2
36
12
6
29
10
39
9
-1
-1
-1
12
-1
-1
-1
6
-1
-1
-1
8
-1
-1
-1
2
11
21
4
16
16
4
16
16
4
26
20
10
60
1.7
1.5
1.5
7
9
4
0
Ness
assets/NessHeadSSBM.png
3
3
2
15
2
3
2
15
4
6
4
20
11
7
5
23
7
5
5
30
3
3
3
8
5
8
15
19
24
16
2
32
9
12
20
18
11
12
20
30
11
5
19
16
5
8
17
17
16
10
10
20
13
8
4
34
12
20
9
31
36
64
14
32
36
64
14
32
2
20
21
29
2
20
21
29
25
19
121
54
25
19
121
54
0
10
30
20
0
10
30
20
7
29
9
39
11
-1
-1
-1
11
-1
-1
-1
10
10
24
16
10
-1
-1
-1
2
17
9
4
16
12
4
16
12
4
26
19
10
94
1.83
1.3
1.4
11
4
4
0
Peach
assets/PeachHeadSSBM.png
3
2
2
16
2
2
2
16
-1
-1
-1
-1
13
6
8
28
12
9
5
26
12
12
2
14
12
6
15
17
-1
15
4
29
19
13
10
22
14
5
22
13
14
3
21
26
15
16
5
34
14
6
17
22
14
7
5
24
3
12
26
2
3
10
21
34
3
10
21
34
18
21
11
15
18
31
11
15
5
6
24
11
5
6
24
11
0
29
1
0
0
29
1
0
6
29
6
39
10
14
1
19
11
20
1
29
7
34
9
22
8
20
5
25
2
17
9
4
16
12
4
16
12
4
16
30
10
90
1.5
1.2
1.3
25
0
5
0
Pichu
assets/PichuHeadSSBM.png
2
2
2
18
-1
-1
-1
-1
-1
-1
-1
-1
8
5
10
15
6
7
8
9
7
7
3
12
8
5
12
33
6
16
21
13
16
9
3
32
13
7
7
41
12
3
26
11
2
10
19
11
9
4
34
22
4
4
6
18
12
14
13
31
7
18
100
39
10
18
100
39
39
5
36
30
39
5
36
30
0
13
59
87
0
13
59
87
13
20
30
60
13
20
30
60
6
29
10
39
12
10
20
14
9
-1
-1
-1
10
12
8
28
10
14
6
24
2
14
7
4
16
12
4
16
12
4
26
20
10
55
1.9
1.8
1.72
22
15
3
1
Pikachu
assets/PikachuHeadSSBM.png
2
2
2
18
-1
-1
-1
-1
-1
-1
-1
-1
8
5
10
15
7
7
8
9
7
7
3
12
8
5
12
33
21
16
8
26
19
8
10
26
3
7
19
29
12
3
26
11
2
10
19
11
12
4
34
22
4
3
6
19
12
14
13
31
7
18
100
39
10
18
100
39
29
5
36
30
29
5
36
30
3
13
-1
-1
3
13
-1
-1
15
20
30
60
15
20
30
60
6
29
10
39
12
10
20
14
9
-1
-1
-1
10
12
8
28
10
14
6
24
2
14
7
4
16
12
4
16
12
4
26
20
10
80
1.9
1.8
1.8
19
13
3
0
Jigglypuff
assets/JigglypuffHeadSSBM.png
3
5
2
11
3
5
2
13
-1
-1
-1
-1
10
6
4
18
9
8
7
9
10
10
3
27
12
4
11
25
17
12
9
24
15
7
4
44
12
9
2
44
12
6
23
21
12
7
16
17
12
9
4
27
12
9
4
27
2
5
26
19
-1
-1
-1
-1
-1
-1
-1
-1
13
12
16
18
13
12
16
18
0
28
98
54
0
28
98
54
28
1
1
248
28
1
1
248
6
29
10
39
7
10
1
25
10
-1
-1
-1
8
10
66
9
11
-1
-1
-1
2
14
12
4
16
15
2
17
16
4
26
20
10
60
1.3
1.4
1.1
23
9
5
0
Roy
assets/RoyHeadSSBM.png
6
4
4
24
-1
-1
-1
-1
-1
-1
-1
-1
12
9
5
27
10
7
7
32
12
8
3
47
12
12
4
42
20
12
3
43
10
15
12
36
21
6
21
48
8
7
14
37
8
5
3
31
9
8
3
35
9
5
6
42
9
7
4
58
50
16
6
24
50
16
6
24
-1
-1
-1
-1
-1
-1
-1
-1
5
9
13
27
5
9
13
27
0
8
13
39
0
8
13
39
6
29
9
39
5
-1
-1
-1
5
-1
-1
-1
6
-1
-1
-1
5
-1
-1
-1
2
17
9
4
20
12
4
16
16
4
26
20
10
85
2.4
1.4
1.61
6
5
5
0
Samus
assets/SamusHeadSSBM.png
3
3
2
13
7
4
3
23
-1
-1
-1
-1
10
6
3
23
13
14
4
22
14
6
3
31
13
7
10
21
14
10
4
30
6
12
18
30
16
6
11
33
14
5
25
20
5
4
28
24
14
9
4
27
4
5
20
15
16
18
5
32
25
14
70
30
25
14
70
30
12
22
77
27
12
15
77
34
2
4
30
16
1
4
28
16
7
10
74
43
7
10
74
43
17
93
17
73
9
-1
-1
-1
8
-1
-1
-1
6
-1
-1
-1
7
13
13
16
2
14
7
4
20
21
4
20
21
4
26
20
10
110
1.4
1.86
1.4
10
4
3
1
Sheik
assets/SheikHeadSSBM.png
4
2
2
14
3
2
3
13
1
2
32
2
7
5
6
19
8
5
20
9
8
5
4
21
10
6
7
25
10
12
18
21
17
12
5
31
13
5
20
25
14
3
28
18
13
5
3
26
14
4
16
18
12
5
16
19
11
15
19
15
3
4
16
21
3
11
9
20
5
22
44
10
5
22
44
10
12
36
7
52
12
36
7
52
0
27
10
26
0
27
10
26
7
30
8
40
8
20
4
24
7
15
5
28
8
31
5
22
8
19
4
35
2
14
7
4
16
12
4
16
12
4
26
20
10
90
2.13
1.7
1.8
18
11
3
1
Yoshi
assets/YoshiHeadSSBM.png
3
3
3
12
5
3
3
14
-1
-1
-1
-1
12
6
3
21
10
8
5
17
10
8
3
13
9
10
14
20
16
14
3
31
14
11
5
28
14
6
17
27
14
3
31
14
17
19
3
28
7
10
21
9
13
5
2
33
4
18
29
13
7
17
5
18
7
17
5
18
-1
-1
-1
-1
-1
-1
-1
-1
12
18
57
36
12
18
57
36
16
27
26
24
16
19
-1
-1
17
78
10
69
6
-1
-1
-1
6
-1
-1
-1
4
-1
-1
-1
5
-1
-1
-1
2
14
7
2
37
1
2
34
1
4
36
20
10
108
1.93
1.33
1.6
5
2
5
0
Young Link
assets/YoungLinkHeadSSBM.png
3
6
3
15
2
6
2
14
5
6
5
39
12
11
3
20
8
9
7
14
10
14
3
23
-1
7
6
41
10
15
3
32
9
11
34
16
13
9
3
12
12
4
24
12
12
14
20
22
7
6
18
16
15
5
45
20
16
13
52
25
15
13
31
25
15
13
31
25
7
27
142
18
7
27
142
18
3
8
35
38
3
8
43
30
12
16
25
-1
12
16
25
-1
10
84
13
94
6
12
4
24
6
11
5
24
6
22
2
26
6
26
1
23
2
14
7
4
15
18
4
15
18
4
26
20
10
85
2.13
1.8
1.6
15
13
4
1
Zelda
assets/ZeldaHeadSSBM.png
2
11
7
12
-1
-1
-1
-1
-1
-1
-1
-1
13
12
3
23
11
10
15
19
8
5
3
24
13
6
8
24
14
16
11
13
5
5
32
20
11
5
13
36
5
6
26
18
20
8
4
28
20
5
4
27
13
14
3
38
8
14
4
26
5
12
16
32
5
12
16
32
13
60
3
15
13
60
3
15
4
10
2
103
4
10
2
103
0
34
10
26
0
34
10
26
11
29
11
39
12
-1
-1
-1
11
-1
-1
-1
12
24
26
15
11
-1
-1
-1
3
18
12
4
16
12
4
16
12
4
16
20
10
90
1.4
1.1
1.1
25
2
6
0