Bowser
5
7
3
15
6
8
3
19
-1
-1
-1
-1
14
12
5
31
13
7
4
44
13
14
18
28
11
10
8
42
24
29
5
36
20
16
15
29
10
14
22
34
13
8
16
26
14
8
4
34
13
9
9
32
17
22
4
22
3
14
29
37
2
23
40
30
2
23
40
30
12
16
3
41
12
16
3
41
13
5
42
33
10
5
42
3
21
42
6
59
21
32
-1
-1
9
40
10
50
10
-1
-1
-1
10
-1
-1
-1
7
-1
-1
-1
7
11
18
15
4
21
18
4
16
20
4
16
20
2
28
20
10
117
1.9
1.0
1.5
13
8
8
0
Captain Falcon
2
3
2
16
3
4
2
13
8
5
6
20
11
9
2
18
13
17
4
18
12
10
5
20
10
7
9
23
20
18
3
43
27
21
7
26
18
19
13
17
7
7
22
15
18
14
16
9
14
10
7
18
13
6
8
19
16
16
4
24
27
52
4
43
27
52
4
43
7
15
19
45
7
15
19
45
10
13
20
31
10
13
20
31
15
14
18
32
13
15
14
28
6
29
10
39
9
11
6
22
9
12
7
30
7
-1
-1
-1
7
11
17
15
3
17
12
4
15
12
4
15
12
4
25
20
10
104
2.9
2.0
2.3
20
10
4
1
Donkey Kong
4
5
2
17
6
4
6
23
-1
-1
-1
-1
10
8
3
22
11
6
5
28
7
6
3
13
11
9
11
34
21
22
1
31
18
14
2
37
16
10
3
42
12
10
16
17
16
25
4
30
13
7
8
24
14
6
2
36
16
18
5
31
30
17
4
25
27
17
4
25
5
20
1
38
10
20
1
38
12
3
55
26
10
2
65 // FIXED HERE 
18
11
19
13
29
-1
-1
-1
-1
7
29
9
49
7.67 // average of the three damages 
-1
-1
-1
11
-1
-1
-1
7
-1
-1
-1
9
-1
-1
-1
2
22
14
4
16
12
4
16
12
4
26
20
10
114
2.4
1.6
1.6
17
7
5
-1
Dr. Mario
Falco
Fox
Ganondorf
Ice Climbers
Kirby
Link
Luigi
Mario
Marth
Mewtwo
Mr. Game & Watch
Ness
Peach
Pichu
Pikachu
Jigglypuff
Roy
Samus
Sheik
Yoshi
Young Link
Zelda